SIXBUS LOAD FLOW SAMPLE SYSTEM
------------------------------
6
11
LINE    1    2 1.000000E-01 2.000000E-01 2.000000E-02
LINE    1    4 5.000000E-02 2.000000E-01 2.000000E-02
LINE    1    5 8.000000E-02 3.000000E-01 3.000000E-02
LINE    2    3 5.000000E-02 2.500000E-01 3.000000E-02
LINE    2    4 5.000000E-02 1.000000E-01 1.000000E-02
LINE    2    5 1.000000E-01 3.000000E-01 2.000000E-02
LINE    2    6 7.000000E-02 2.000000E-01 2.500000E-02
LINE    3    5 1.200000E-01 2.600000E-01 2.500000E-02
LINE    3    6 2.000000E-02 1.000000E-01 1.000000E-02
LINE    4    5 2.000000E-01 4.000000E-01 4.000000E-02
LINE    5    6 1.000000E-01 3.000000E-01 3.000000E-02
V    1     1.0499600000E+00 1.0000E-04
V    2     1.0367775067E+00 1.0000E-04
V    3     9.8388712573E-01 1.0000E-04
A    1     0.0000000000E+00 1.0000E-04
I    1     7.6571207986E-01 1.0000E-02     2.6813441882E-01 1.0000E-02
I    2     6.4944964833E-01 1.0000E-02     0.9853504299E+00 1.0000E-02
I    3     7.0359869499E-01 1.0000E-02     6.1013001755E-01 1.0000E-02
I    4    -0.0001888705E-00 1.0000E-03    -0.0003512131E-00 1.0000E-03
F    1     2      1.9971150356E-01 1.0000E-02    -4.8169808361E-02 1.0000E-02
F    1     4      2.0563723833E-01 1.0000E-02     2.2585182887E-02 1.0000E-02
F    1     5      4.5753333796E-01 1.0000E-02     3.9099904429E-01 1.0000E-02
F    2     1     -1.9603196351E-01 1.0000E-02     1.1981980610E-02 1.0000E-02
F    2     3      9.9855558320E-02 1.0000E-02     1.6703387541E-01 1.0000E-02
F    2     4     -9.3265625432E-03 1.0000E-02     3.9347264416E-02 1.0000E-02
F    2     5      2.3574042305E-01 1.0000E-02     2.6023988231E-01 1.0000E-02
F    2     6      5.1976219301E-01 1.0000E-02     5.2139742717E-01 1.0000E-02
F    3     2     -9.7544372580E-02 1.0000E-02    -2.1677005128E-01 1.0000E-02
F    3     5      1.5868763185E-01 1.0000E-02     9.5557235924E-02 1.0000E-02
F    3     6      6.3885643571E-01 1.0000E-02     7.2121283291E-01 1.0000E-02
Q
